articles, model: LinearSVC(
mean_test_score	split7_test_score	split7_train_score	param_penalty	mean_score_time	split4_train_score	split3_test_score	param_loss	split0_test_score	split1_test_score	split9_train_score	split9_test_score	split0_train_score	split5_train_score	split6_train_score	split1_train_score	split8_test_score	split2_test_score	split8_train_score	std_test_score	split5_test_score	mean_train_score	params	std_fit_time	mean_fit_time	param_dual	std_train_score	split3_train_score	rank_test_score	split6_test_score	split2_train_score	param_C	std_score_time	split4_test_score	
0.451649281083	0.480225988701	0.977450673348	l2	0.00470368862152	0.974005637332	0.432203389831	hinge	0.428571428571	0.49299719888	0.974318822424	0.483050847458	0.97210031348	0.974945192609	0.975884747886	0.97460815047	0.440677966102	0.43661971831	0.974632007516	0.0281555281644	0.483050847458	0.974532240406	{'penalty': 'l2', 'dual': True, 'C': 4, 'loss': 'hinge'}	5.83801544699	24.403741622	True	0.00137726415918	0.973066082054	6	0.426553672316	0.974310776942	4	0.00302048182822	0.412429378531	
0.0	0.0	0.0	l1	0.0	0.0	0.0	hinge	0.0	0.0	0.0	0.0	0.0	0.0	0.0	0.0	0.0	0.0	0.0	0.0	0.0	0.0	{'penalty': 'l1', 'dual': True, 'C': 1, 'loss': 'hinge'}	0.00650882730012	0.0418286800385	True	0.0	0.0	27	0.0	0.0	1	0.0	0.0	
0.0	0.0	0.0	l1	0.0	0.0	0.0	squared_hinge	0.0	0.0	0.0	0.0	0.0	0.0	0.0	0.0	0.0	0.0	0.0	0.0	0.0	0.0	{'penalty': 'l1', 'dual': True, 'C': 2, 'loss': 'squared_hinge'}	0.00664918602598	0.0521928787231	True	0.0	0.0	27	0.0	0.0	2	0.0	0.0	
0.446010713279	0.471751412429	0.990604447228	l2	0.00650470256805	0.989351706859	0.429378531073	squared_hinge	0.411764705882	0.481792717087	0.989664891951	0.474576271186	0.98934169279	0.991544002505	0.991857187598	0.98934169279	0.437853107345	0.442253521127	0.990604447228	0.0273884060175	0.480225988701	0.990132333183	{'penalty': 'l2', 'dual': False, 'C': 9, 'loss': 'squared_hinge'}	7.18595209075	45.6569861174	False	0.000912409870683	0.989664891951	13	0.423728813559	0.989348370927	9	0.007435171338	0.406779661017	
0.0	0.0	0.0	l1	0.0	0.0	0.0	squared_hinge	0.0	0.0	0.0	0.0	0.0	0.0	0.0	0.0	0.0	0.0	0.0	0.0	0.0	0.0	{'penalty': 'l1', 'dual': True, 'C': 8, 'loss': 'squared_hinge'}	0.00641464919673	0.0380296945572	True	0.0	0.0	27	0.0	0.0	8	0.0	0.0	
0.398364815337	0.412429378531	0.990917632321	l1	0.0034012556076	0.989351706859	0.398305084746	squared_hinge	0.36974789916	0.439775910364	0.989351706859	0.435028248588	0.989968652038	0.990917632321	0.993109927967	0.989028213166	0.401129943503	0.4	0.990291262136	0.0280191616301	0.412429378531	0.990194999654	{'penalty': 'l1', 'dual': False, 'C': 8, 'loss': 'squared_hinge'}	2.4038119412	31.9713447094	False	0.00115685665862	0.989664891951	20	0.367231638418	0.989348370927	8	0.00113374217759	0.347457627119	
0.399492528898	0.389830508475	0.973066082054	l1	0.00345325469971	0.969621046038	0.412429378531	squared_hinge	0.36974789916	0.408963585434	0.970560601315	0.437853107345	0.968652037618	0.970560601315	0.97243971187	0.970846394984	0.367231638418	0.428169014085	0.97243971187	0.0251105356676	0.426553672316	0.970585234588	{'penalty': 'l1', 'dual': False, 'C': 2, 'loss': 'squared_hinge'}	1.26287126739	22.0385853052	False	0.00158590614202	0.969621046038	19	0.375706214689	0.968045112782	2	0.00078915281228	0.378531073446	
0.0	0.0	0.0	l1	0.0	0.0	0.0	hinge	0.0	0.0	0.0	0.0	0.0	0.0	0.0	0.0	0.0	0.0	0.0	0.0	0.0	0.0	{'penalty': 'l1', 'dual': False, 'C': 8, 'loss': 'hinge'}	0.00411182553194	0.0331753969193	False	0.0	0.0	27	0.0	0.0	8	0.0	0.0	
0.44770228362	0.471751412429	0.990291262136	l2	0.00280568599701	0.988725336674	0.432203389831	squared_hinge	0.420168067227	0.481792717087	0.989038521766	0.488700564972	0.989028213166	0.990917632321	0.990917632321	0.988714733542	0.435028248588	0.442253521127	0.989978077044	0.027738972166	0.474576271186	0.989568501846	{'penalty': 'l2', 'dual': False, 'C': 8, 'loss': 'squared_hinge'}	1.23326257992	28.8262887716	False	0.000831173173058	0.989038521766	10	0.426553672316	0.989035087719	8	0.000511300818818	0.40395480226	
0.0	0.0	0.0	l1	0.0	0.0	0.0	squared_hinge	0.0	0.0	0.0	0.0	0.0	0.0	0.0	0.0	0.0	0.0	0.0	0.0	0.0	0.0	{'penalty': 'l1', 'dual': True, 'C': 2, 'loss': 'squared_hinge'}	0.00493949852818	0.0327728271484	True	0.0	0.0	27	0.0	0.0	2	0.0	0.0	
0.0	0.0	0.0	l1	0.0	0.0	0.0	squared_hinge	0.0	0.0	0.0	0.0	0.0	0.0	0.0	0.0	0.0	0.0	0.0	0.0	0.0	0.0	{'penalty': 'l1', 'dual': True, 'C': 9, 'loss': 'squared_hinge'}	0.00826381224784	0.0412817716599	True	0.0	0.0	27	0.0	0.0	9	0.0	0.0	
0.445728784889	0.471751412429	0.990604447228	l2	0.0036062002182	0.989351706859	0.429378531073	squared_hinge	0.411764705882	0.484593837535	0.989664891951	0.468926553672	0.98934169279	0.991857187598	0.991857187598	0.98934169279	0.437853107345	0.439436619718	0.990604447228	0.0263307368338	0.477401129944	0.990194980013	{'penalty': 'l2', 'dual': True, 'C': 9, 'loss': 'squared_hinge'}	2.44851711926	19.6333412409	True	0.000942068250835	0.989664891951	14	0.426553672316	0.989661654135	9	0.00104531238772	0.409604519774	
0.393572032704	0.412429378531	0.989351706859	l1	0.00320320129395	0.98684622612	0.398305084746	squared_hinge	0.372549019608	0.425770308123	0.987785781397	0.423728813559	0.988401253918	0.990291262136	0.991857187598	0.987774294671	0.423728813559	0.383098591549	0.989351706859	0.0281089906217	0.398305084746	0.988785362414	{'penalty': 'l1', 'dual': False, 'C': 7, 'loss': 'squared_hinge'}	8.78360668478	33.9259745359	False	0.00138643268966	0.988098966489	25	0.35593220339	0.988095238095	7	0.000979963355116	0.341807909605	
0.458979419228	0.466101694915	0.950829940495	l2	0.00360069274902	0.946132164109	0.485875706215	hinge	0.439775910364	0.46218487395	0.947698089571	0.491525423729	0.946394984326	0.947384904479	0.951143125587	0.945768025078	0.45197740113	0.447887323944	0.949577200125	0.0251706317761	0.497175141243	0.948375404854	{'penalty': 'l2', 'dual': True, 'C': 1, 'loss': 'hinge'}	5.05283583324	16.0728814363	True	0.00188880829843	0.948637644848	1	0.426553672316	0.950187969925	1	0.00203760365945	0.420903954802	
0.0	0.0	0.0	l1	0.0	0.0	0.0	hinge	0.0	0.0	0.0	0.0	0.0	0.0	0.0	0.0	0.0	0.0	0.0	0.0	0.0	0.0	{'penalty': 'l1', 'dual': True, 'C': 3, 'loss': 'hinge'}	0.0205722918096	0.0390780210495	True	0.0	0.0	27	0.0	0.0	3	0.0	0.0	
0.397519030166	0.412429378531	0.990917632321	l1	0.0030021905899	0.989978077044	0.389830508475	squared_hinge	0.352941176471	0.43137254902	0.991230817413	0.460451977401	0.989968652038	0.991544002505	0.99342311306	0.989028213166	0.378531073446	0.402816901408	0.990917632321	0.0319784557819	0.412429378531	0.990978031066	{'penalty': 'l1', 'dual': False, 'C': 9, 'loss': 'squared_hinge'}	5.19903403514	32.1351653099	False	0.00112123697157	0.991230817413	22	0.381355932203	0.991541353383	9	0.000866708231872	0.353107344633	
0.396391316606	0.412429378531	0.989038521766	l1	0.00310618877411	0.986219855935	0.38418079096	squared_hinge	0.36974789916	0.43137254902	0.988098966489	0.429378531073	0.987774294671	0.990291262136	0.991230817413	0.987460815047	0.401129943503	0.394366197183	0.989038521766	0.024465943236	0.409604519774	0.988753975169	{'penalty': 'l1', 'dual': False, 'C': 7, 'loss': 'squared_hinge'}	4.22631547795	29.0172935247	False	0.0013774458331	0.989664891951	24	0.381355932203	0.988721804511	7	0.000860936838088	0.350282485876	
0.0	0.0	0.0	l1	0.0	0.0	0.0	hinge	0.0	0.0	0.0	0.0	0.0	0.0	0.0	0.0	0.0	0.0	0.0	0.0	0.0	0.0	{'penalty': 'l1', 'dual': True, 'C': 1, 'loss': 'hinge'}	0.00260049081878	0.0288238286972	True	0.0	0.0	27	0.0	0.0	1	0.0	0.0	
0.0	0.0	0.0	l1	0.0	0.0	0.0	squared_hinge	0.0	0.0	0.0	0.0	0.0	0.0	0.0	0.0	0.0	0.0	0.0	0.0	0.0	0.0	{'penalty': 'l1', 'dual': True, 'C': 3, 'loss': 'squared_hinge'}	0.00310341934176	0.0280217885971	True	0.0	0.0	27	0.0	0.0	3	0.0	0.0	
0.449111925571	0.468926553672	0.978703413718	l2	0.00230226516724	0.975258377701	0.443502824859	hinge	0.422969187675	0.481792717087	0.974945192609	0.491525423729	0.973667711599	0.976197932978	0.97901659881	0.974921630094	0.429378531073	0.433802816901	0.975884747886	0.0284440151711	0.485875706215	0.975879142457	{'penalty': 'l2', 'dual': True, 'C': 5, 'loss': 'hinge'}	0.586164965369	14.892935729	True	0.0016203074229	0.974945192609	7	0.420903954802	0.975250626566	5	0.000458507321233	0.412429378531	
0.453058923034	0.477401129944	0.984653930473	l2	0.00260231494904	0.983088005011	0.45197740113	squared_hinge	0.422969187675	0.49299719888	0.982461634826	0.497175141243	0.981504702194	0.982774819919	0.98559348575	0.98275862069	0.440677966102	0.445070422535	0.983714375196	0.0310365768927	0.480225988701	0.983303356904	{'penalty': 'l2', 'dual': False, 'C': 3, 'loss': 'squared_hinge'}	0.618411860781	9.53569648266	False	0.00108897899903	0.983088005011	4	0.418079096045	0.983395989975	3	0.000491919440234	0.40395480226	
0.0	0.0	0.0	l2	0.0	0.0	0.0	hinge	0.0	0.0	0.0	0.0	0.0	0.0	0.0	0.0	0.0	0.0	0.0	0.0	0.0	0.0	{'penalty': 'l2', 'dual': False, 'C': 8, 'loss': 'hinge'}	0.00417523189626	0.0310240268707	False	0.0	0.0	27	0.0	0.0	8	0.0	0.0	
0.0	0.0	0.0	l1	0.0	0.0	0.0	squared_hinge	0.0	0.0	0.0	0.0	0.0	0.0	0.0	0.0	0.0	0.0	0.0	0.0	0.0	0.0	{'penalty': 'l1', 'dual': True, 'C': 8, 'loss': 'squared_hinge'}	0.00170013760937	0.0281197786331	True	0.0	0.0	27	0.0	0.0	8	0.0	0.0	
0.407386523823	0.415254237288	0.931412464767	l1	0.00250129699707	0.926401503288	0.437853107345	squared_hinge	0.392156862745	0.428571428571	0.931412464767	0.406779661017	0.930721003135	0.931099279674	0.927654243658	0.931347962382	0.392655367232	0.419718309859	0.929533354212	0.0243845995462	0.440677966102	0.929956744472	{'penalty': 'l1', 'dual': False, 'C': 1, 'loss': 'squared_hinge'}	0.376210348706	13.4513122082	False	0.00200617709404	0.927341058566	17	0.372881355932	0.932644110276	1	0.000499489868447	0.367231638418	
0.0	0.0	0.0	l1	0.0	0.0	0.0	hinge	0.0	0.0	0.0	0.0	0.0	0.0	0.0	0.0	0.0	0.0	0.0	0.0	0.0	0.0	{'penalty': 'l1', 'dual': False, 'C': 3, 'loss': 'hinge'}	0.0021582963941	0.0295232057571	False	0.0	0.0	27	0.0	0.0	3	0.0	0.0	
0.396673244996	0.415254237288	0.985906670842	l1	0.00245225429535	0.983714375196	0.412429378531	squared_hinge	0.361344537815	0.436974789916	0.985280300658	0.426553672316	0.984952978056	0.987472596304	0.987785781397	0.985579937304	0.406779661017	0.411267605634	0.984967115565	0.0292243551026	0.389830508475	0.985746848557	{'penalty': 'l1', 'dual': False, 'C': 5, 'loss': 'squared_hinge'}	0.447611022745	23.5505117893	False	0.00116686646524	0.986533041027	23	0.35593220339	0.985275689223	5	0.000649389549365	0.350282485876	
0.410487736115	0.406779661017	0.930786094582	l1	0.00295140743256	0.927027873473	0.437853107345	squared_hinge	0.397759103641	0.436974789916	0.931725649859	0.418079096045	0.927586206897	0.933291575321	0.930786094582	0.930094043887	0.392655367232	0.425352112676	0.930159724397	0.0235197369728	0.437853107345	0.930112865805	{'penalty': 'l1', 'dual': False, 'C': 1, 'loss': 'squared_hinge'}	0.408757087621	13.4066666365	False	0.00177183903111	0.928906984028	16	0.367231638418	0.930764411028	1	0.000650777165881	0.38418079096	
0.0	0.0	0.0	l1	0.0	0.0	0.0	hinge	0.0	0.0	0.0	0.0	0.0	0.0	0.0	0.0	0.0	0.0	0.0	0.0	0.0	0.0	{'penalty': 'l1', 'dual': False, 'C': 4, 'loss': 'hinge'}	0.00191135051697	0.0285223960876	False	0.0	0.0	27	0.0	0.0	4	0.0	0.0	
0.448829997181	0.474576271186	0.989351706859	l2	0.0023017168045	0.987472596304	0.435028248588	squared_hinge	0.420168067227	0.478991596639	0.989351706859	0.491525423729	0.988401253918	0.989351706859	0.990604447228	0.987147335423	0.437853107345	0.439436619718	0.989351706859	0.0279716210519	0.477401129944	0.98875399481	{'penalty': 'l2', 'dual': False, 'C': 7, 'loss': 'squared_hinge'}	0.949401967315	23.2665813684	False	0.000987389974737	0.988098966489	9	0.429378531073	0.988408521303	7	0.000458294310696	0.40395480226	
0.449111925571	0.474576271186	0.974945192609	l2	0.00225200653076	0.9711869715	0.437853107345	hinge	0.422969187675	0.487394957983	0.97243971187	0.491525423729	0.971473354232	0.971500156593	0.975258377701	0.970846394984	0.440677966102	0.43661971831	0.9711869715	0.0294795356439	0.477401129944	0.972088896037	{'penalty': 'l2', 'dual': True, 'C': 3, 'loss': 'hinge'}	0.513345840816	13.9339280844	True	0.00157848845681	0.970560601315	7	0.415254237288	0.97149122807	3	0.000512721792421	0.406779661017	
0.0	0.0	0.0	l1	0.0	0.0	0.0	hinge	0.0	0.0	0.0	0.0	0.0	0.0	0.0	0.0	0.0	0.0	0.0	0.0	0.0	0.0	{'penalty': 'l1', 'dual': False, 'C': 6, 'loss': 'hinge'}	0.00197427700243	0.0279196023941	False	0.0	0.0	27	0.0	0.0	6	0.0	0.0	
0.445728784889	0.471751412429	0.990604447228	l2	0.00215203762054	0.989351706859	0.429378531073	squared_hinge	0.411764705882	0.484593837535	0.989664891951	0.471751412429	0.98934169279	0.991857187598	0.991857187598	0.98934169279	0.437853107345	0.439436619718	0.990604447228	0.0268103105993	0.477401129944	0.990194980013	{'penalty': 'l2', 'dual': True, 'C': 9, 'loss': 'squared_hinge'}	0.502489341735	14.754342556	True	0.000942068250835	0.989664891951	14	0.423728813559	0.989661654135	9	0.000547261293439	0.409604519774	
0.0	0.0	0.0	l1	0.0	0.0	0.0	hinge	0.0	0.0	0.0	0.0	0.0	0.0	0.0	0.0	0.0	0.0	0.0	0.0	0.0	0.0	{'penalty': 'l1', 'dual': True, 'C': 4, 'loss': 'hinge'}	0.00188815812449	0.0278196811676	True	0.0	0.0	27	0.0	0.0	4	0.0	0.0	
0.44770228362	0.471751412429	0.987785781397	l2	0.00220010280609	0.98684622612	0.435028248588	squared_hinge	0.43137254902	0.478991596639	0.98559348575	0.502824858757	0.986206896552	0.985280300658	0.988412151582	0.984639498433	0.432203389831	0.442253521127	0.98684622612	0.0312577243873	0.471751412429	0.986467233158	{'penalty': 'l2', 'dual': False, 'C': 5, 'loss': 'squared_hinge'}	0.791081821009	15.1254064798	False	0.00107685499589	0.98684622612	10	0.418079096045	0.986215538847	5	0.000601314793145	0.392655367232	
0.0	0.0	0.0	l2	0.0	0.0	0.0	hinge	0.0	0.0	0.0	0.0	0.0	0.0	0.0	0.0	0.0	0.0	0.0	0.0	0.0	0.0	{'penalty': 'l2', 'dual': False, 'C': 9, 'loss': 'hinge'}	0.00128129201335	0.027418589592	False	0.0	0.0	27	0.0	0.0	9	0.0	0.0	
0.455596278545	0.483050847458	0.979329783902	l2	0.00160000324249	0.976824303163	0.463276836158	squared_hinge	0.43137254902	0.473389355742	0.97776385844	0.488700564972	0.974921630094	0.977137488256	0.979956154087	0.976802507837	0.449152542373	0.442253521127	0.977137488256	0.0305388417603	0.502824858757	0.977382813736	{'penalty': 'l2', 'dual': True, 'C': 1, 'loss': 'squared_hinge'}	0.40049778152	2.6047549963	True	0.0014177841499	0.975884747886	2	0.418079096045	0.978070175439	1	0.0006600571445	0.40395480226	
0.453058923034	0.485875706215	0.982461634826	l2	0.00109882354736	0.979956154087	0.454802259887	squared_hinge	0.422969187675	0.484593837535	0.979956154087	0.494350282486	0.978369905956	0.979956154087	0.983401190103	0.979623824451	0.440677966102	0.442253521127	0.981522079549	0.0295335106363	0.477401129944	0.980484003894	{'penalty': 'l2', 'dual': True, 'C': 2, 'loss': 'squared_hinge'}	0.181155563784	4.1790728569	True	0.00144654043547	0.979329783902	4	0.420903954802	0.980263157895	2	0.000300457980426	0.406779661017	
0.0	0.0	0.0	l1	0.0	0.0	0.0	squared_hinge	0.0	0.0	0.0	0.0	0.0	0.0	0.0	0.0	0.0	0.0	0.0	0.0	0.0	0.0	{'penalty': 'l1', 'dual': True, 'C': 8, 'loss': 'squared_hinge'}	0.00113725786289	0.0191160202026	True	0.0	0.0	27	0.0	0.0	8	0.0	0.0	
0.455596278545	0.483050847458	0.979329783902	l2	0.00155413150787	0.976824303163	0.463276836158	squared_hinge	0.43137254902	0.473389355742	0.97776385844	0.488700564972	0.974921630094	0.977137488256	0.979956154087	0.976802507837	0.449152542373	0.442253521127	0.977137488256	0.0305388417603	0.502824858757	0.977382813736	{'penalty': 'l2', 'dual': True, 'C': 1, 'loss': 'squared_hinge'}	0.207575745802	2.35551624298	True	0.0014177841499	0.975884747886	2	0.418079096045	0.978070175439	1	0.000349916142627	0.40395480226	
0.0	0.0	0.0	l1	0.0	0.0	0.0	squared_hinge	0.0	0.0	0.0	0.0	0.0	0.0	0.0	0.0	0.0	0.0	0.0	0.0	0.0	0.0	{'penalty': 'l1', 'dual': True, 'C': 8, 'loss': 'squared_hinge'}	0.00217880759964	0.0196725845337	True	0.0	0.0	27	0.0	0.0	8	0.0	0.0	
0.446292641669	0.471751412429	0.990291262136	l2	0.00160112380981	0.988725336674	0.429378531073	squared_hinge	0.420168067227	0.481792717087	0.989351706859	0.485875706215	0.989028213166	0.991544002505	0.991230817413	0.988714733542	0.435028248588	0.43661971831	0.989978077044	0.028097389963	0.474576271186	0.989725094392	{'penalty': 'l2', 'dual': True, 'C': 8, 'loss': 'squared_hinge'}	0.818299717121	10.5999285698	True	0.000960266024098	0.989351706859	12	0.426553672316	0.989035087719	8	0.00048696420414	0.401129943503	
0.0	0.0	0.0	l1	0.0	0.0	0.0	hinge	0.0	0.0	0.0	0.0	0.0	0.0	0.0	0.0	0.0	0.0	0.0	0.0	0.0	0.0	{'penalty': 'l1', 'dual': True, 'C': 4, 'loss': 'hinge'}	0.00233621376361	0.0285195350647	True	0.0	0.0	27	0.0	0.0	4	0.0	0.0	
0.0	0.0	0.0	l1	0.0	0.0	0.0	squared_hinge	0.0	0.0	0.0	0.0	0.0	0.0	0.0	0.0	0.0	0.0	0.0	0.0	0.0	0.0	{'penalty': 'l1', 'dual': True, 'C': 5, 'loss': 'squared_hinge'}	0.00709793119997	0.0337306022644	True	0.0	0.0	27	0.0	0.0	5	0.0	0.0	
0.40315759797	0.406779661017	0.988098966489	l1	0.00190269947052	0.98684622612	0.398305084746	squared_hinge	0.380952380952	0.450980392157	0.987159411212	0.423728813559	0.987460815047	0.987472596304	0.990917632321	0.987147335423	0.398305084746	0.405633802817	0.987159411212	0.0239775888909	0.423728813559	0.987689047702	{'penalty': 'l1', 'dual': False, 'C': 6, 'loss': 'squared_hinge'}	0.484559720641	16.8259121895	False	0.0011218129899	0.987159411212	18	0.375706214689	0.987468671679	6	0.000701768652832	0.367231638418	
0.0	0.0	0.0	l1	0.0	0.0	0.0	hinge	0.0	0.0	0.0	0.0	0.0	0.0	0.0	0.0	0.0	0.0	0.0	0.0	0.0	0.0	{'penalty': 'l1', 'dual': True, 'C': 6, 'loss': 'hinge'}	0.000979936074676	0.0198161125183	True	0.0	0.0	27	0.0	0.0	6	0.0	0.0	
0.398082886947	0.398305084746	0.989664891951	l1	0.00174980163574	0.988412151582	0.406779661017	squared_hinge	0.40056022409	0.445378151261	0.989038521766	0.415254237288	0.989968652038	0.990604447228	0.99342311306	0.98934169279	0.381355932203	0.391549295775	0.991230817413	0.0246403080627	0.418079096045	0.99010107358	{'penalty': 'l1', 'dual': False, 'C': 8, 'loss': 'squared_hinge'}	0.348623090332	17.8515598297	False	0.00133840445423	0.989978077044	21	0.35593220339	0.989348370927	8	0.000406096369042	0.367231638418	
0.391034677192	0.412429378531	0.981522079549	l1	0.00194790363312	0.977450673348	0.401129943503	squared_hinge	0.352941176471	0.414565826331	0.979329783902	0.40395480226	0.97868338558	0.979642968995	0.983401190103	0.976802507837	0.381355932203	0.394366197183	0.980269339179	0.0218790573272	0.412429378531	0.979293566803	{'penalty': 'l1', 'dual': False, 'C': 3, 'loss': 'squared_hinge'}	0.304380535365	13.9755528927	False	0.00194720846238	0.978703413718	26	0.353107344633	0.977130325815	3	0.000473031070486	0.38418079096	
0.0	0.0	0.0	l1	0.0	0.0	0.0	hinge	0.0	0.0	0.0	0.0	0.0	0.0	0.0	0.0	0.0	0.0	0.0	0.0	0.0	0.0	{'penalty': 'l1', 'dual': False, 'C': 8, 'loss': 'hinge'}	0.000398095260014	0.0193140029907	False	0.0	0.0	27	0.0	0.0	8	0.0	0.0	
0.0	0.0	0.0	l1	0.0	0.0	0.0	squared_hinge	0.0	0.0	0.0	0.0	0.0	0.0	0.0	0.0	0.0	0.0	0.0	0.0	0.0	0.0	{'penalty': 'l1', 'dual': True, 'C': 5, 'loss': 'squared_hinge'}	0.000228939705973	0.0186643838882	True	0.0	0.0	27	0.0	0.0	5	0.0	0.0	
0.0	0.0	0.0	l1	0.0	0.0	0.0	hinge	0.0	0.0	0.0	0.0	0.0	0.0	0.0	0.0	0.0	0.0	0.0	0.0	0.0	0.0	{'penalty': 'l1', 'dual': True, 'C': 7, 'loss': 'hinge'}	0.00104699196285	0.0195186138153	True	0.0	0.0	27	0.0	0.0	7	0.0	0.0	

